TimeSinceStart_s;Temperature;Humidity;Latitude;Longitude;Altitude;TimeUTC;PM1_0;PM2_5;PM4_0;PM10_0
280;27.27;42.62;47.392170;8.532022;480.30;8554000.00000;6.73;7.11;7.11;7.11
285;28.17;40.17;47.392151;8.532030;496.00;8554500.00000;5.97;6.31;6.31;6.31
290;28.87;38.24;47.392155;8.532021;496.70;8555000.00000;5.24;5.54;5.54;5.54
295;29.66;36.80;47.392159;8.532025;491.10;8555500.00000;4.89;5.17;5.17;5.17
300;30.39;35.47;47.392166;8.532027;486.50;8560000.00000;4.81;5.08;5.08;5.08
305;31.05;34.44;47.392159;8.532030;486.30;8560500.00000;4.94;5.22;5.22;5.22
310;31.79;33.31;47.392155;8.532030;484.30;8561000.00000;4.92;5.20;5.20;5.20
315;32.31;32.10;47.392147;8.532036;482.30;8561500.00000;5.07;5.36;5.36;5.36
320;32.79;31.39;47.392151;8.532033;478.60;8562000.00000;5.07;5.37;5.37;5.37
325;33.29;30.87;47.392166;8.532022;471.90;8562500.00000;4.88;5.16;5.16;5.16
330;33.82;30.16;47.392174;8.532025;466.70;8563000.00000;4.79;5.06;5.06;5.06
335;34.26;29.36;47.392181;8.532026;463.40;8563500.00000;4.70;4.97;4.97;4.97
340;34.55;28.75;47.392178;8.532025;462.90;8564000.00000;4.76;5.03;5.03;5.03
345;34.91;28.64;47.392170;8.532028;463.10;8564500.00000;4.84;5.11;5.11;5.11
350;35.29;28.22;47.392174;8.532020;461.80;8565000.00000;4.76;5.03;5.03;5.03
355;35.70;27.72;47.392166;8.532022;463.50;8565500.00000;4.64;4.90;4.90;4.90
360;36.09;27.31;47.392166;8.532022;465.30;8565900.00000;4.44;4.70;4.70;4.70
365;36.48;26.71;47.392155;8.532028;467.60;8570400.00000;4.20;4.44;4.44;4.44
370;36.78;26.21;47.392166;8.532019;468.80;8570900.00000;4.20;4.45;4.45;4.45
375;37.07;25.99;47.392166;8.532013;468.30;8571400.00000;4.08;4.32;4.32;4.32
380;37.25;25.79;47.392181;8.532005;468.80;8571900.00000;4.09;4.32;4.32;4.32
385;37.57;25.40;47.392185;8.531998;467.50;8572400.00000;4.17;4.41;4.41;4.41
390;37.80;25.09;47.392197;8.531992;465.00;8572900.00000;4.27;4.51;4.51;4.51
395;37.99;24.79;47.392216;8.531976;462.20;8573400.00000;4.45;4.71;4.71;4.71
400;38.29;24.58;47.392235;8.531963;459.60;8573900.00000;4.57;4.84;4.84;4.84
405;38.23;24.68;47.392246;8.531962;456.60;8574400.00000;4.52;4.78;4.78;4.78
410;38.44;24.57;47.392254;8.531959;454.30;8574900.00000;4.53;4.79;4.79;4.79
415;38.57;24.27;47.392223;8.531986;455.70;8575400.00000;4.74;5.01;5.01;5.01
420;37.91;25.56;47.392147;8.532017;454.40;8575900.00000;20.27;21.43;21.43;21.43
425;37.50;26.27;47.392136;8.532011;449.20;8580400.00000;4.21;4.45;4.45;4.45
430;37.31;26.07;47.392151;8.532002;441.60;8580900.00000;5.56;5.88;5.88;5.88
435;37.20;26.67;47.392166;8.531981;439.00;8581400.00000;5.39;5.70;5.70;5.70
440;37.20;30.35;47.392197;8.531970;437.30;8581900.00000;5.12;5.41;5.41;5.41
445;37.89;30.31;47.392162;8.532014;439.40;8582400.00000;4.70;4.97;4.97;4.97
450;38.45;27.76;47.392162;8.532025;442.90;8582900.00000;4.34;4.59;4.59;4.59
455;39.01;26.48;47.392147;8.532032;444.30;8583400.00000;3.85;4.07;4.07;4.07
460;39.54;25.87;47.392139;8.532040;443.90;8583900.00000;3.60;3.81;3.81;3.81
465;40.05;25.46;47.392143;8.532052;442.30;8584400.00000;3.73;3.94;3.94;3.94
470;40.58;25.05;47.392151;8.532066;440.50;8584900.00000;3.82;4.04;4.04;4.04
475;40.99;24.45;47.392170;8.532111;440.30;8585400.00000;3.77;3.98;3.98;3.98
480;41.43;23.75;47.392174;8.532130;441.90;8585900.00000;3.82;4.04;4.04;4.04
485;41.82;23.16;47.392178;8.532152;442.60;8590400.00000;3.70;3.91;3.91;3.91
490;42.13;22.29;47.392181;8.532154;441.80;8590900.00000;3.61;3.82;3.82;3.82
495;42.35;22.28;47.392174;8.532152;439.90;8591400.00000;3.58;3.78;3.78;3.78
500;42.65;22.17;47.392189;8.532139;437.70;8591900.00000;3.47;3.67;3.67;3.67
505;42.94;22.05;47.392178;8.532160;435.90;8592400.00000;3.27;3.46;3.46;3.46
510;43.26;22.04;47.392193;8.532209;433.20;8592900.00000;3.23;3.42;3.42;3.42
515;43.52;21.74;47.392185;8.532198;429.20;8593400.00000;3.38;3.58;3.58;3.58
520;43.79;21.73;47.392189;8.532213;430.10;8593900.00000;3.65;3.86;3.86;3.86
525;44.08;21.15;47.392178;8.532199;432.90;8594400.00000;4.00;4.23;4.23;4.23
530;44.36;21.23;47.392174;8.532201;435.40;8594900.00000;4.20;4.44;4.44;4.44
535;44.58;20.84;47.392155;8.532201;435.90;8595400.00000;4.39;4.64;4.64;4.64
540;44.51;20.66;47.392139;8.532187;434.00;8595900.00000;4.21;4.45;4.45;4.45
545;43.94;20.68;47.392124;8.532203;433.20;9000400.00000;3.99;4.22;4.22;4.22
550;43.32;20.32;47.392155;8.532192;431.80;9000900.00000;4.09;4.32;4.32;4.32
555;42.87;20.91;47.392151;8.532173;431.00;9001400.00000;4.80;5.07;5.07;5.07
560;42.28;21.99;47.392174;8.532134;424.60;9001900.00000;5.15;5.44;5.44;5.44
565;41.74;22.49;47.392193;8.532151;418.30;9002400.00000;4.90;5.18;5.18;5.18
570;41.58;23.18;47.392200;8.532133;416.00;9002900.00000;4.62;4.89;4.89;4.89
575;41.62;23.46;47.392216;8.532125;416.50;9003400.00000;4.39;4.65;4.65;4.65
580;41.59;23.94;47.392239;8.532084;418.40;9003900.00000;4.27;4.52;4.52;4.52
585;41.28;27.33;47.392235;8.532060;418.10;9004400.00000;3.97;4.19;4.19;4.19
590;40.89;27.72;47.392220;8.532047;415.50;9004900.00000;3.76;3.98;3.98;3.98
595;40.56;28.62;47.392262;8.532037;415.30;9005400.00000;3.58;3.79;3.79;3.79
600;40.28;27.28;47.392242;8.532052;422.80;9005900.00000;3.61;3.81;3.81;3.81
605;40.03;24.88;47.392239;8.532054;422.70;9010400.00000;3.61;3.82;3.82;3.82
610;39.77;23.55;47.392250;8.532043;428.30;9010900.00000;3.69;3.91;3.91;3.91
615;39.36;23.46;47.392147;8.532001;431.50;9011400.00000;3.66;3.87;3.87;3.87
620;38.69;23.59;47.392139;8.532014;434.80;9011900.00000;3.59;3.80;3.80;3.80
625;38.11;24.01;47.392147;8.532010;441.40;9012400.00000;3.52;3.72;3.72;3.72
630;37.45;24.43;47.392124;8.532043;444.50;9012900.00000;3.46;3.66;3.66;3.66
635;36.85;24.74;47.392124;8.532073;447.00;9013400.00000;3.45;3.65;3.65;3.65
640;36.29;25.74;47.392113;8.532095;450.00;9013900.00000;3.52;3.72;3.72;3.72
645;35.73;26.17;47.392117;8.532101;446.60;9014400.00000;3.55;3.75;3.75;3.75
650;35.29;26.28;47.392109;8.532111;443.50;9014900.00000;3.78;4.00;4.00;4.00
655;34.82;26.98;47.392086;8.532121;442.40;9015400.00000;3.95;4.18;4.18;4.18
660;34.70;28.07;47.392036;8.532091;440.30;9015900.00000;4.16;4.40;4.40;4.40
665;34.50;28.18;47.391998;8.532059;443.20;9020400.00000;4.07;4.31;4.31;4.31
670;34.11;28.09;47.391975;8.532164;443.40;9020900.00000;4.11;4.35;4.35;4.35
675;33.89;29.18;47.391953;8.532191;445.10;9021400.00000;4.21;4.45;4.45;4.45
680;33.41;29.99;47.391830;8.532239;447.00;9021900.00000;4.24;4.49;4.49;4.49
685;32.57;30.04;47.391800;8.531993;446.10;9022400.00000;4.24;4.49;4.49;4.49
690;32.20;30.55;47.391918;8.531808;445.40;9022800.00000;4.54;4.80;4.80;4.80
695;31.90;31.06;47.392117;8.531574;441.60;9023300.00000;4.38;4.63;4.63;4.63
700;31.74;31.17;47.392315;8.531318;441.40;9023800.00000;4.17;4.41;4.41;4.41
705;31.56;31.37;47.392509;8.531055;441.60;9024300.00000;3.98;4.21;4.21;4.21
710;31.39;31.48;47.392727;8.530819;440.50;9024800.00000;3.87;4.10;4.10;4.10
715;31.22;31.79;47.392925;8.530569;438.80;9025300.00000;3.78;3.99;3.99;3.99
720;31.10;31.89;47.392941;8.530308;441.50;9025800.00000;3.84;4.06;4.06;4.06
725;30.59;32.12;47.392776;8.530083;442.90;9030300.00000;3.81;4.03;4.03;4.03
730;30.03;32.95;47.392502;8.530022;442.80;9030800.00000;3.99;4.22;4.22;4.22
735;29.31;34.06;47.392223;8.530187;443.00;9031300.00000;3.88;4.10;4.10;4.10
740;28.66;34.31;47.391987;8.530438;443.80;9031800.00000;3.72;3.94;3.94;3.94
745;28.06;35.15;47.391754;8.530706;445.30;9032300.00000;3.82;4.04;4.04;4.04
750;27.44;36.18;47.391514;8.530997;446.90;9032800.00000;4.04;4.27;4.27;4.27
755;27.08;37.30;47.391254;8.531279;450.00;9033300.00000;4.05;4.28;4.28;4.28
760;26.61;37.73;47.390995;8.531562;450.70;9033800.00000;3.93;4.15;4.15;4.15
765;26.38;38.82;47.390743;8.531862;452.00;9034300.00000;3.85;4.07;4.07;4.07
770;26.11;39.55;47.390491;8.532163;452.90;9034800.00000;3.89;4.12;4.12;4.12
775;25.89;39.77;47.390251;8.532454;456.00;9035300.00000;3.95;4.18;4.18;4.18
780;25.85;40.26;47.390003;8.532769;457.80;9035800.00000;3.92;4.15;4.15;4.15
785;25.74;40.88;47.389744;8.533077;460.00;9040300.00000;3.69;3.90;3.90;3.90
790;25.59;40.98;47.389484;8.533405;461.90;9040800.00000;3.66;3.87;3.87;3.87
795;25.40;41.30;47.389236;8.533749;465.00;9041300.00000;3.90;4.13;4.13;4.13
800;25.31;41.20;47.388947;8.533997;467.20;9041800.00000;4.08;4.31;4.31;4.31
805;25.06;41.42;47.388626;8.534116;468.00;9042300.00000;4.17;4.41;4.41;4.41
810;24.91;41.63;47.388447;8.534176;465.50;9042800.00000;4.21;4.45;4.45;4.45
815;24.76;42.03;47.388126;8.534273;465.80;9043300.00000;4.16;4.40;4.40;4.40
820;24.59;42.35;47.387760;8.534406;463.30;9043800.00000;4.08;4.31;4.31;4.31
825;24.56;42.75;47.387398;8.534575;457.30;9044300.00000;4.27;4.52;4.52;4.52
830;24.45;42.75;47.387157;8.534739;446.00;9044800.00000;4.43;4.69;4.69;4.69
835;24.85;42.83;47.387085;8.534846;438.20;9045300.00000;4.54;4.80;4.80;4.80
840;25.33;42.49;47.387077;8.535003;434.50;9045800.00000;4.74;5.02;5.02;5.02
845;25.66;42.05;47.387047;8.535206;433.30;9050300.00000;4.92;5.21;5.21;5.21
850;25.81;41.66;47.387169;8.535360;434.30;9050800.00000;4.94;5.23;5.23;5.23
855;25.66;41.38;47.387310;8.535547;433.50;9051300.00000;4.83;5.11;5.11;5.11
860;25.41;41.20;47.387432;8.535745;432.80;9051800.00000;4.77;5.05;5.05;5.05
865;25.26;41.42;47.387554;8.535945;428.70;9052300.00000;4.68;4.95;4.95;4.95
870;25.00;41.82;47.387680;8.536121;425.80;9052800.00000;4.45;4.70;4.70;4.70
875;24.74;42.13;47.387810;8.536281;423.50;9053300.00000;4.19;4.44;4.44;4.44
880;24.84;42.53;47.387932;8.536373;424.40;9053800.00000;4.16;4.40;4.40;4.40
885;24.82;43.13;47.388103;8.536459;427.30;9054300.00000;4.08;4.31;4.31;4.31
890;24.90;43.13;47.388306;8.536515;425.20;9054800.00000;4.29;4.54;4.54;4.54
895;24.82;43.23;47.388458;8.536497;427.60;9055300.00000;4.68;4.94;4.94;4.94
900;24.84;43.32;47.388615;8.536447;429.90;9055800.00000;4.91;5.19;5.19;5.19
905;24.75;43.32;47.388733;8.536412;436.60;9060300.00000;5.00;5.29;5.29;5.29
910;24.65;43.74;47.388893;8.536376;439.20;9060800.00000;5.32;5.62;5.62;5.62
915;24.47;43.84;47.389042;8.536332;443.10;9061300.00000;5.58;5.90;5.90;5.90
920;24.40;43.96;47.389202;8.536306;447.60;9061800.00000;5.57;5.89;5.89;5.89
925;24.26;44.08;47.389366;8.536292;446.50;9062300.00000;5.45;5.76;5.76;5.76
930;24.15;44.38;47.389568;8.536333;444.40;9062800.00000;5.20;5.50;5.50;5.50
935;24.18;44.68;47.389744;8.536356;442.90;9063300.00000;4.85;5.13;5.13;5.13
940;24.28;44.56;47.389896;8.536358;442.20;9063800.00000;4.69;4.96;4.96;4.96
945;24.38;44.85;47.390018;8.536259;446.60;9064300.00000;4.63;4.89;4.89;4.89
950;24.25;44.76;47.390152;8.536288;450.10;9064800.00000;4.61;4.87;4.87;4.87
955;24.25;44.56;47.390347;8.536375;449.00;9065300.00000;4.47;4.72;4.72;4.72
960;24.58;44.74;47.390537;8.536392;447.20;9065800.00000;4.61;4.87;4.87;4.87
965;25.15;44.99;47.390709;8.536362;448.30;9070300.00000;4.68;4.95;4.95;4.95
970;25.67;44.75;47.390823;8.536338;451.80;9070800.00000;4.80;5.07;5.07;5.07
975;26.16;44.09;47.390957;8.536319;454.50;9071300.00000;4.82;5.10;5.10;5.10
980;26.63;42.38;47.391159;8.536266;454.90;9071800.00000;5.41;5.72;5.72;5.72
985;26.95;41.06;47.391384;8.536109;454.40;9072300.00000;5.57;5.89;5.89;5.89
990;27.10;39.87;47.391590;8.535873;452.80;9072800.00000;5.50;5.81;5.81;5.81
995;27.12;39.48;47.391808;8.535606;453.10;9073300.00000;5.41;5.72;5.72;5.72
1000;26.64;39.51;47.392048;8.535338;454.30;9073800.00000;5.52;5.84;5.84;5.84
1005;26.28;39.83;47.392281;8.535040;454.20;9074300.00000;5.37;5.68;5.68;5.68
1010;26.05;40.05;47.392525;8.534761;454.50;9074800.00000;5.22;5.52;5.52;5.52
1015;26.08;40.34;47.392784;8.534497;454.00;9075300.00000;5.20;5.50;5.50;5.50
1020;26.20;40.64;47.393044;8.534245;455.00;9075800.00000;4.94;5.22;5.22;5.22
1025;26.05;40.74;47.393299;8.533993;455.20;9080300.00000;4.67;4.94;4.94;4.94
1030;25.89;41.26;47.393570;8.533786;453.80;9080800.00000;4.66;4.93;4.93;4.93
1035;26.08;41.33;47.393841;8.533597;452.80;9081300.00000;4.54;4.81;4.81;4.81
1040;26.15;41.04;47.394104;8.533441;451.40;9081800.00000;4.74;5.02;5.02;5.02
1045;26.24;40.92;47.394356;8.533288;450.60;9082300.00000;4.90;5.18;5.18;5.18
1050;26.38;40.92;47.394588;8.533113;448.30;9082800.00000;4.86;5.14;5.14;5.14
1055;26.64;40.78;47.394802;8.532910;449.20;9083300.00000;4.90;5.18;5.18;5.18
1060;27.15;40.37;47.395004;8.532722;448.20;9083800.00000;5.04;5.33;5.33;5.33
1065;27.42;39.83;47.395164;8.532537;448.90;9084300.00000;4.96;5.25;5.25;5.25
1070;27.90;38.90;47.395317;8.532373;450.80;9084800.00000;4.75;5.03;5.03;5.03
1075;28.28;38.37;47.395462;8.532260;451.00;9085300.00000;4.68;4.95;4.95;4.95
1080;28.64;37.96;47.395599;8.532153;453.60;9085800.00000;4.90;5.18;5.18;5.18
1085;29.06;37.43;47.395645;8.531958;453.60;9090300.00000;5.20;5.50;5.50;5.50
1090;29.41;36.63;47.395664;8.531640;449.70;9090800.00000;5.28;5.59;5.59;5.59
1095;29.52;35.84;47.395756;8.531223;447.00;9091300.00000;5.45;5.77;5.77;5.77
1100;29.40;35.44;47.395828;8.530705;445.80;9091800.00000;5.41;5.72;5.72;5.72
1105;29.13;35.36;47.395859;8.530227;446.70;9092300.00000;5.35;5.66;5.66;5.66
1110;28.96;36.07;47.395855;8.529833;446.20;9092800.00000;5.22;5.52;5.52;5.52
1115;29.03;36.27;47.395836;8.529357;448.20;9093300.00000;5.01;5.30;5.30;5.30
1120;28.98;36.36;47.395882;8.528843;451.30;9093800.00000;4.94;5.23;5.23;5.23
1125;28.96;36.27;47.395943;8.528353;451.20;9094300.00000;4.79;5.06;5.06;5.06
1130;28.94;36.17;47.395988;8.527919;447.90;9094800.00000;4.72;4.99;4.99;4.99
1135;29.12;36.05;47.396030;8.527647;445.50;9095300.00000;4.89;5.17;5.17;5.17
1140;29.44;36.23;47.395992;8.527807;444.80;9095800.00000;4.77;5.05;5.05;5.05
1145;29.44;35.84;47.395947;8.528114;445.90;9100300.00000;4.75;5.02;5.02;5.02
1150;29.13;35.56;47.395878;8.528487;447.90;9100800.00000;5.12;5.41;5.41;5.41
1155;28.94;35.77;47.395832;8.528776;446.70;9101200.00000;5.15;5.44;5.44;5.44
1160;28.75;36.66;47.395775;8.529132;449.00;9101700.00000;4.98;5.27;5.27;5.27
1165;28.57;37.07;47.395756;8.529484;449.70;9102200.00000;5.29;5.59;5.59;5.59
1170;28.54;37.19;47.395763;8.529773;448.70;9102700.00000;5.27;5.57;5.57;5.57
1175;28.31;37.41;47.395748;8.530010;449.70;9103200.00000;4.93;5.22;5.22;5.22
1180;27.85;37.64;47.395557;8.529997;443.90;9103700.00000;4.56;4.82;4.82;4.82
1185;27.13;38.09;47.395252;8.529899;434.80;9104200.00000;4.38;4.64;4.64;4.64
1190;26.65;38.72;47.394951;8.529832;427.90;9104700.00000;4.53;4.79;4.79;4.79
1195;26.56;39.71;47.394882;8.529623;426.40;9105200.00000;4.50;4.76;4.76;4.76
1200;26.70;40.68;47.394974;8.529259;427.50;9105700.00000;4.42;4.68;4.68;4.68
1205;26.95;40.47;47.395084;8.528877;428.60;9110200.00000;4.46;4.72;4.72;4.72
1210;27.27;40.15;47.395184;8.528549;429.50;9110700.00000;4.49;4.75;4.75;4.75
1215;27.45;39.43;47.395283;8.528245;430.20;9111200.00000;4.70;4.97;4.97;4.97
1220;27.69;38.73;47.395405;8.527928;432.10;9111700.00000;4.80;5.08;5.08;5.08
1225;27.97;38.21;47.395523;8.527584;428.00;9112200.00000;4.85;5.13;5.13;5.13
1230;28.15;37.80;47.395618;8.527237;435.00;9112700.00000;4.79;5.06;5.06;5.06
1235;28.53;37.78;47.395687;8.526974;436.70;9113200.00000;4.73;5.00;5.00;5.00
1240;29.07;37.34;47.395630;8.527099;437.90;9113700.00000;4.84;5.12;5.12;5.12
1245;29.13;36.36;47.395535;8.527360;440.00;9114200.00000;4.79;5.06;5.06;5.06
1250;29.00;35.88;47.395412;8.527702;442.30;9114700.00000;4.91;5.20;5.20;5.20
1255;28.81;35.89;47.395271;8.528078;441.30;9115200.00000;5.06;5.35;5.35;5.35
1260;28.22;36.22;47.395088;8.528231;435.40;9115700.00000;5.24;5.54;5.54;5.54
1265;27.82;37.05;47.394833;8.528060;431.80;9120200.00000;5.20;5.50;5.50;5.50
1270;27.76;37.24;47.394623;8.528024;428.70;9120700.00000;5.14;5.43;5.43;5.43
1275;27.78;37.34;47.394501;8.528345;431.50;9121200.00000;5.10;5.39;5.39;5.39
1280;27.69;37.96;47.394360;8.528708;430.70;9121700.00000;4.81;5.09;5.09;5.09
1285;27.37;37.96;47.394226;8.529067;432.50;9122200.00000;4.71;4.98;4.98;4.98
1290;27.30;37.98;47.394081;8.529403;433.30;9122700.00000;4.74;5.01;5.01;5.01
1295;26.85;38.40;47.393883;8.529482;434.30;9123200.00000;4.70;4.97;4.97;4.97
1300;26.30;38.94;47.393669;8.529416;442.00;9123700.00000;5.10;5.39;5.39;5.39
1305;26.38;39.81;47.393616;8.529304;447.80;9124200.00000;5.37;5.68;5.68;5.68
1310;26.85;40.29;47.393715;8.529028;449.20;9124700.00000;5.41;5.73;5.73;5.73
1315;27.26;40.05;47.393822;8.528754;449.50;9125200.00000;5.41;5.72;5.72;5.72
1320;27.66;39.22;47.393951;8.528405;446.20;9125700.00000;5.36;5.67;5.67;5.67
1325;27.87;38.53;47.394077;8.528037;443.10;9130200.00000;5.43;5.74;5.74;5.74
1330;28.09;38.12;47.394207;8.527622;441.50;9130700.00000;5.45;5.76;5.76;5.76
1335;28.37;38.00;47.394356;8.527191;441.40;9131200.00000;5.65;5.97;5.97;5.97
1340;28.52;37.59;47.394386;8.526714;438.70;9131700.00000;5.86;6.19;6.19;6.19
1345;28.42;36.99;47.394207;8.526340;440.60;9132200.00000;5.53;5.85;5.85;5.85
1350;28.68;36.90;47.394184;8.525959;440.50;9132700.00000;5.32;5.62;5.62;5.62
1355;28.77;36.58;47.394264;8.525568;442.10;9133200.00000;5.12;5.42;5.42;5.42
1360;28.96;36.25;47.394390;8.525219;441.30;9133700.00000;4.92;5.20;5.20;5.20
1365;29.24;36.15;47.394588;8.524940;440.60;9134200.00000;4.83;5.11;5.11;5.11
1370;29.31;36.05;47.394859;8.524768;439.90;9134700.00000;4.58;4.84;4.84;4.84
1375;29.29;35.74;47.395111;8.524596;439.60;9135200.00000;4.45;4.71;4.71;4.71
1380;29.52;35.82;47.395260;8.524220;438.00;9135700.00000;4.63;4.90;4.90;4.90
1385;29.80;35.92;47.395367;8.523851;436.20;9140200.00000;4.76;5.03;5.03;5.03
1390;30.11;35.59;47.395466;8.523492;433.60;9140700.00000;4.97;5.25;5.25;5.25
1395;30.28;35.00;47.395557;8.523143;432.70;9141200.00000;5.01;5.30;5.30;5.30
1400;30.40;34.59;47.395634;8.522809;432.80;9141700.00000;4.64;4.91;4.91;4.91
1405;30.48;34.30;47.395676;8.522518;432.00;9142200.00000;4.49;4.75;4.75;4.75
1410;30.46;34.10;47.395542;8.522418;430.70;9142700.00000;4.37;4.62;4.62;4.62
1415;30.10;33.94;47.395283;8.522260;428.30;9143200.00000;4.16;4.40;4.40;4.40
1420;29.80;34.15;47.395237;8.521984;431.90;9143700.00000;4.09;4.33;4.33;4.33
1425;29.77;34.54;47.395340;8.521657;436.70;9144200.00000;4.07;4.30;4.30;4.30
1430;29.59;34.54;47.395405;8.521341;437.50;9144700.00000;4.43;4.69;4.69;4.69
1435;29.61;34.66;47.395489;8.521009;438.60;9145200.00000;4.61;4.87;4.87;4.87
1440;29.65;34.84;47.395576;8.520654;439.60;9145700.00000;4.73;5.01;5.01;5.01
1445;29.71;34.94;47.395668;8.520324;440.20;9150200.00000;4.64;4.91;4.91;4.91
1450;29.83;35.21;47.395756;8.519995;439.60;9150700.00000;4.52;4.78;4.78;4.78
1455;30.00;35.11;47.395836;8.519651;441.80;9151200.00000;4.49;4.75;4.75;4.75
1460;29.96;34.53;47.395931;8.519291;441.80;9151700.00000;4.60;4.86;4.86;4.86
1465;29.86;34.13;47.396023;8.518954;437.70;9152200.00000;4.38;4.63;4.63;4.63
1470;29.93;34.43;47.396118;8.518620;443.00;9152700.00000;4.25;4.49;4.49;4.49
1475;29.99;34.63;47.396191;8.518300;449.60;9153200.00000;4.14;4.38;4.38;4.38
1480;30.15;34.90;47.396248;8.517988;449.30;9153700.00000;4.14;4.38;4.38;4.38
1485;30.05;34.72;47.396282;8.517672;453.20;9154200.00000;4.50;4.76;4.76;4.76
1490;29.96;34.53;47.396271;8.517363;457.60;9154700.00000;4.56;4.83;4.83;4.83
1495;29.81;34.33;47.396271;8.517069;462.80;9155200.00000;4.53;4.79;4.79;4.79
1500;29.70;34.25;47.396290;8.516771;464.00;9155700.00000;4.28;4.52;4.52;4.52
1505;29.77;34.34;47.396282;8.516441;463.40;9160200.00000;4.18;4.42;4.42;4.42
1510;29.93;34.23;47.396252;8.516181;465.40;9160700.00000;3.90;4.12;4.12;4.12
1515;29.81;34.63;47.396217;8.516002;465.10;9161200.00000;3.89;4.12;4.12;4.12
1520;29.49;34.86;47.396130;8.515899;461.20;9161700.00000;4.01;4.24;4.24;4.24
1525;29.44;35.35;47.396122;8.515725;462.30;9162200.00000;4.00;4.23;4.23;4.23
1530;29.62;35.43;47.396179;8.515441;457.30;9162700.00000;4.13;4.36;4.36;4.36
1535;29.99;35.31;47.396252;8.515179;455.70;9163200.00000;4.17;4.41;4.41;4.41
1540;30.48;34.99;47.396294;8.514979;455.20;9163700.00000;4.23;4.48;4.48;4.48
1545;30.67;33.69;47.396294;8.514947;454.40;9164200.00000;4.13;4.37;4.37;4.37
1550;30.62;33.29;47.396286;8.514892;452.80;9164700.00000;4.03;4.26;4.26;4.26
1555;30.53;33.22;47.396275;8.514875;453.60;9165200.00000;3.98;4.21;4.21;4.21
1560;30.51;32.72;47.396267;8.514871;454.00;9165700.00000;4.20;4.44;4.44;4.44
1565;30.75;33.67;47.396290;8.514710;454.50;9170200.00000;4.27;4.52;4.52;4.52
1570;31.22;34.05;47.396328;8.514469;456.70;9170700.00000;4.19;4.43;4.43;4.43
1575;31.56;33.64;47.396347;8.514221;457.60;9171200.00000;4.29;4.54;4.54;4.54
1580;31.79;33.31;47.396362;8.513971;455.00;9171700.00000;4.69;4.96;4.96;4.96
1585;31.79;32.73;47.396412;8.513784;446.20;9172200.00000;4.96;5.24;5.24;5.24
1590;31.95;32.71;47.396431;8.513636;442.40;9172700.00000;4.95;5.24;5.24;5.24
1595;31.95;32.73;47.396435;8.513393;444.30;9173200.00000;4.71;4.98;4.98;4.98
1600;31.99;32.63;47.396454;8.513094;443.50;9173700.00000;4.44;4.69;4.69;4.69
1605;32.01;32.22;47.396511;8.512739;436.10;9174200.00000;4.24;4.48;4.48;4.48
1610;31.91;32.14;47.396530;8.512356;434.50;9174700.00000;4.00;4.23;4.23;4.23
1615;31.87;32.43;47.396553;8.511954;433.60;9175200.00000;3.80;4.02;4.02;4.02
1620;31.87;32.34;47.396606;8.511594;434.70;9175700.00000;3.98;4.21;4.21;4.21
1625;31.78;32.43;47.396633;8.511202;437.50;9180200.00000;4.14;4.37;4.37;4.37
1630;31.70;32.45;47.396690;8.510840;439.20;9180700.00000;4.23;4.47;4.47;4.47
1635;31.64;32.35;47.396767;8.510491;435.00;9181200.00000;4.22;4.46;4.46;4.46
1640;31.57;32.15;47.396858;8.510094;435.40;9181700.00000;4.25;4.50;4.50;4.50
1645;31.38;32.07;47.396976;8.509757;433.80;9182200.00000;4.19;4.43;4.43;4.43
1650;31.32;32.46;47.397087;8.509386;433.00;9182700.00000;3.95;4.18;4.18;4.18
1655;31.27;32.38;47.397205;8.508998;435.30;9183200.00000;3.90;4.13;4.13;4.13
1660;31.30;32.48;47.397331;8.508635;435.30;9183700.00000;4.01;4.24;4.24;4.24
1665;31.24;32.87;47.397446;8.508371;436.90;9184100.00000;4.07;4.31;4.31;4.31
1670;31.24;33.46;47.397575;8.508054;440.00;9184600.00000;3.97;4.19;4.19;4.19
1675;31.37;33.74;47.397720;8.507758;442.40;9185100.00000;3.91;4.13;4.13;4.13
1680;31.32;33.54;47.397869;8.507499;443.10;9185600.00000;3.95;4.18;4.18;4.18
1685;31.44;33.25;47.398010;8.507171;446.10;9190100.00000;4.03;4.26;4.26;4.26
1690;31.49;32.95;47.398155;8.506890;448.10;9190600.00000;4.14;4.38;4.38;4.38
1695;31.56;32.94;47.398308;8.506630;447.90;9191100.00000;4.18;4.42;4.42;4.42
1700;31.68;33.14;47.398464;8.506329;448.50;9191600.00000;3.94;4.17;4.17;4.17
1705;31.66;33.04;47.398632;8.506007;451.60;9192100.00000;4.01;4.24;4.24;4.24
1710;31.63;32.94;47.398811;8.505702;453.70;9192600.00000;4.26;4.51;4.51;4.51
1715;31.08;32.78;47.399048;8.505550;454.90;9193100.00000;4.42;4.68;4.68;4.68
1720;30.55;33.12;47.399300;8.505508;454.80;9193600.00000;4.51;4.77;4.77;4.77
1725;30.26;34.11;47.399490;8.505428;455.70;9194100.00000;4.61;4.87;4.87;4.87
1730;30.15;34.61;47.399681;8.505218;456.70;9194600.00000;4.76;5.04;5.04;5.04
1735;30.26;34.61;47.399822;8.504876;457.80;9195100.00000;4.62;4.89;4.89;4.89
1740;30.30;34.89;47.399971;8.504539;457.80;9195600.00000;4.44;4.70;4.70;4.70
1745;30.55;35.26;47.400116;8.504236;457.10;9200100.00000;4.78;5.05;5.05;5.05
1750;30.77;34.77;47.400272;8.503955;456.30;9200600.00000;5.10;5.39;5.39;5.39
1755;30.90;34.36;47.400452;8.503681;457.40;9201100.00000;5.20;5.50;5.50;5.50
1760;31.04;34.25;47.400600;8.503432;458.50;9201600.00000;5.25;5.56;5.56;5.56
1765;31.14;33.65;47.400742;8.503117;459.20;9202100.00000;5.46;5.78;5.78;5.78
1770;31.26;33.54;47.400848;8.502815;460.60;9202600.00000;5.31;5.62;5.62;5.62
1775;31.51;33.43;47.400967;8.502478;462.40;9203100.00000;4.90;5.18;5.18;5.18
1780;31.54;33.44;47.401093;8.502200;461.20;9203600.00000;4.70;4.97;4.97;4.97
1785;31.45;33.05;47.401234;8.501864;459.60;9204100.00000;4.60;4.86;4.86;4.86
1790;31.33;32.56;47.401394;8.501594;455.70;9204600.00000;4.65;4.92;4.92;4.92
1795;31.12;32.78;47.401543;8.501576;455.40;9205100.00000;4.61;4.88;4.88;4.88
1800;30.67;33.10;47.401711;8.501672;456.50;9205600.00000;4.61;4.88;4.88;4.88
1805;30.18;33.82;47.401878;8.501758;455.70;9210100.00000;5.34;5.65;5.65;5.65
1810;29.84;34.33;47.401974;8.501837;458.40;9210600.00000;5.65;5.97;5.97;5.97
1815;29.61;35.23;47.401932;8.501944;462.00;9211100.00000;5.60;5.92;5.92;5.92
1820;29.24;35.56;47.401848;8.502106;466.10;9211600.00000;5.38;5.69;5.69;5.69
1825;29.13;35.96;47.401749;8.502219;469.60;9212100.00000;5.06;5.35;5.35;5.35
1830;28.86;35.97;47.401707;8.502393;472.90;9212600.00000;4.91;5.19;5.19;5.19
1835;28.71;36.38;47.401604;8.502660;474.10;9213100.00000;4.78;5.05;5.05;5.05
1840;28.38;36.42;47.401501;8.502980;474.90;9213600.00000;4.54;4.81;4.81;4.81
1845;27.94;36.44;47.401405;8.503284;476.90;9214100.00000;4.26;4.51;4.51;4.51
1850;27.87;36.95;47.401283;8.503572;477.40;9214600.00000;4.18;4.42;4.42;4.42
1855;27.50;37.26;47.401070;8.503818;476.40;9215100.00000;4.03;4.26;4.26;4.26
1860;27.20;37.77;47.400875;8.504138;474.50;9215600.00000;3.96;4.19;4.19;4.19
1865;27.03;38.78;47.400673;8.504440;472.30;9220100.00000;3.91;4.13;4.13;4.13
1870;26.83;39.29;47.400551;8.504588;470.30;9220600.00000;3.84;4.06;4.06;4.06
1875;26.61;38.90;47.400383;8.504953;470.80;9221100.00000;3.73;3.94;3.94;3.94
1880;26.60;39.02;47.400265;8.505203;470.00;9221600.00000;3.46;3.66;3.66;3.66
1885;26.52;39.91;47.400146;8.505486;473.00;9222100.00000;3.30;3.49;3.49;3.49
1890;26.56;40.20;47.400043;8.505724;473.70;9222600.00000;3.60;3.81;3.81;3.81
1895;26.43;40.11;47.399963;8.505926;474.70;9223100.00000;3.93;4.16;4.16;4.16
1900;26.34;40.33;47.399899;8.506123;477.00;9223600.00000;3.98;4.21;4.21;4.21
1905;26.46;40.90;47.399990;8.506310;478.10;9224100.00000;4.02;4.25;4.25;4.25
1910;26.61;41.49;47.400124;8.506422;478.70;9224600.00000;4.08;4.31;4.31;4.31
1915;26.86;40.76;47.400253;8.506430;476.40;9225100.00000;4.28;4.52;4.52;4.52
1920;27.31;40.84;47.400372;8.506367;474.90;9225600.00000;4.27;4.51;4.51;4.51
1925;27.75;40.58;47.400490;8.506297;475.80;9230100.00000;4.22;4.46;4.46;4.46
1930;28.38;39.78;47.400612;8.506218;479.10;9230600.00000;4.26;4.50;4.50;4.50
1935;28.86;39.15;47.400742;8.506122;479.00;9231100.00000;4.33;4.58;4.58;4.58
1940;29.36;38.51;47.400871;8.506017;474.90;9231600.00000;4.18;4.42;4.42;4.42
1945;29.59;37.79;47.401005;8.505925;474.60;9232100.00000;4.21;4.45;4.45;4.45
1950;29.92;36.88;47.401119;8.505857;475.70;9232600.00000;4.22;4.46;4.46;4.46
1955;30.32;36.08;47.401226;8.505774;477.20;9233100.00000;4.08;4.31;4.31;4.31
1960;30.56;35.28;47.401333;8.505677;479.10;9233600.00000;4.09;4.33;4.33;4.33
1965;30.83;34.56;47.401440;8.505569;480.10;9234100.00000;4.31;4.56;4.56;4.56
1970;31.32;34.62;47.401535;8.505462;482.00;9234600.00000;4.38;4.64;4.64;4.64
1975;31.70;33.72;47.401627;8.505413;482.80;9235100.00000;4.25;4.49;4.49;4.49
1980;32.19;33.50;47.401707;8.505305;483.50;9235600.00000;4.27;4.51;4.51;4.51
1985;32.55;32.70;47.401833;8.505102;472.60;9240100.00000;4.50;4.75;4.75;4.75
1990;32.60;32.29;47.402012;8.504832;458.10;9240600.00000;4.39;4.64;4.64;4.64
1995;32.53;31.99;47.402142;8.504411;451.70;9241100.00000;4.25;4.49;4.49;4.49
2000;32.21;31.81;47.402283;8.503930;448.70;9241600.00000;4.34;4.59;4.59;4.59
2005;32.04;31.93;47.402386;8.503475;449.60;9242100.00000;4.42;4.67;4.67;4.67
2010;32.02;32.04;47.402374;8.503207;447.20;9242600.00000;4.39;4.64;4.64;4.64
2015;31.67;31.67;47.402206;8.502771;445.60;9243100.00000;4.36;4.61;4.61;4.61
2020;31.34;31.48;47.402180;8.502169;443.80;9243600.00000;6.27;6.63;6.63;6.63
2025;30.97;31.71;47.402077;8.501649;439.00;9244100.00000;6.32;6.68;6.68;6.68
2030;30.51;31.94;47.401871;8.501401;440.90;9244600.00000;5.94;6.28;6.28;6.28
2035;29.65;32.57;47.401669;8.501124;441.10;9245100.00000;5.56;5.88;5.88;5.88
2040;29.40;33.67;47.401592;8.500960;440.30;9245600.00000;5.09;5.39;5.39;5.39
2045;29.36;34.36;47.401711;8.500707;439.40;9250100.00000;4.87;5.15;5.15;5.15
2050;29.55;34.36;47.401871;8.500445;439.50;9250600.00000;4.59;4.85;4.85;4.85
2055;29.49;34.25;47.401905;8.500360;440.70;9251100.00000;4.40;4.66;4.66;4.66
2060;29.44;34.36;47.401802;8.500506;449.80;9251600.00000;4.35;4.60;4.60;4.60
2065;29.15;34.59;47.401653;8.500818;453.70;9252100.00000;4.27;4.51;4.51;4.51
2070;28.69;35.20;47.401493;8.501150;456.80;9252600.00000;4.03;4.26;4.26;4.26
2075;28.30;35.63;47.401333;8.501489;457.30;9253100.00000;4.00;4.23;4.23;4.23
2080;28.03;35.94;47.401165;8.501807;461.10;9253600.00000;4.02;4.25;4.25;4.25
2085;27.79;36.65;47.401016;8.502117;460.70;9254100.00000;4.07;4.30;4.30;4.30
2090;27.50;37.58;47.400837;8.502449;461.40;9254600.00000;3.97;4.20;4.20;4.20
2095;27.08;38.39;47.400681;8.502685;459.20;9255100.00000;3.87;4.10;4.10;4.10
2100;26.86;39.50;47.400551;8.502975;460.80;9255600.00000;3.94;4.17;4.17;4.17
2105;26.60;40.01;47.400352;8.503366;462.30;9260100.00000;3.75;3.96;3.96;3.96
2110;26.39;40.33;47.400112;8.503859;463.50;9260600.00000;3.68;3.89;3.89;3.89
2115;26.11;40.25;47.399918;8.504230;465.50;9261000.00000;3.52;3.72;3.72;3.72
2120;26.07;40.76;47.399719;8.504662;463.70;9261500.00000;3.46;3.66;3.66;3.66
2125;25.98;41.33;47.399502;8.505098;464.40;9262000.00000;3.64;3.84;3.84;3.84
2130;25.78;41.55;47.399323;8.505459;465.90;9262500.00000;3.72;3.93;3.93;3.93
2135;25.64;41.46;47.399143;8.505675;464.70;9263000.00000;3.89;4.12;4.12;4.12
2140;25.56;42.07;47.398960;8.505890;464.60;9263500.00000;4.04;4.27;4.27;4.27
2145;25.51;41.87;47.398857;8.506131;465.00;9264000.00000;4.21;4.45;4.45;4.45
2150;25.51;41.97;47.398777;8.506397;468.10;9264500.00000;4.14;4.37;4.37;4.37
2155;25.28;42.09;47.398678;8.506685;469.50;9265000.00000;3.98;4.21;4.21;4.21
2160;25.12;42.51;47.398582;8.506963;471.00;9265500.00000;4.04;4.27;4.27;4.27
2165;25.15;42.71;47.398483;8.507227;472.70;9270000.00000;4.14;4.38;4.38;4.38
2170;24.97;42.31;47.398369;8.507504;473.50;9270500.00000;4.10;4.34;4.34;4.34
2175;24.81;41.83;47.398243;8.507814;479.90;9271000.00000;4.09;4.33;4.33;4.33
2180;24.70;42.33;47.398102;8.508150;483.90;9271500.00000;4.24;4.48;4.48;4.48
2185;24.55;42.65;47.397945;8.508460;485.50;9272000.00000;4.39;4.65;4.65;4.65
2190;24.52;42.86;47.397804;8.508800;484.50;9272500.00000;4.68;4.95;4.95;4.95
2195;24.34;43.57;47.397694;8.509145;485.00;9273000.00000;4.90;5.18;5.18;5.18
2200;24.23;44.06;47.397575;8.509514;484.30;9273500.00000;4.86;5.14;5.14;5.14
2205;24.19;44.28;47.397449;8.509887;483.10;9274000.00000;4.76;5.04;5.04;5.04
2210;24.07;44.18;47.397335;8.510267;482.40;9274500.00000;4.59;4.86;4.86;4.86
2215;24.10;43.59;47.397224;8.510659;482.10;9275000.00000;4.36;4.61;4.61;4.61
2220;23.97;43.80;47.397133;8.511069;481.10;9275500.00000;4.31;4.55;4.55;4.55
2225;23.81;44.23;47.397064;8.511539;477.80;9280000.00000;4.36;4.61;4.61;4.61
2230;23.82;45.00;47.397011;8.512084;475.70;9280500.00000;4.53;4.79;4.79;4.79
2235;23.91;45.50;47.396965;8.512650;472.90;9281000.00000;4.59;4.85;4.85;4.85
2240;23.88;44.70;47.396938;8.513215;469.80;9281500.00000;4.56;4.82;4.82;4.82
2245;23.97;44.20;47.396954;8.513758;464.60;9282000.00000;4.62;4.89;4.89;4.89
2250;23.88;43.71;47.396965;8.514370;458.30;9282500.00000;4.69;4.96;4.96;4.96
2255;23.89;43.51;47.396938;8.514979;452.70;9283000.00000;4.78;5.05;5.05;5.05
2260;23.71;43.41;47.396877;8.515597;448.90;9283500.00000;4.67;4.94;4.94;4.94
2265;23.61;42.93;47.396820;8.516259;445.90;9284000.00000;4.60;4.86;4.86;4.86
2270;23.54;43.13;47.396759;8.516979;445.20;9284500.00000;4.91;5.19;5.19;5.19
2275;23.42;43.15;47.396687;8.517602;444.40;9285000.00000;4.92;5.20;5.20;5.20
2280;23.36;42.95;47.396595;8.518133;446.70;9285500.00000;4.91;5.20;5.20;5.20
2285;23.25;43.17;47.396507;8.518667;447.80;9290000.00000;4.81;5.09;5.09;5.09
2290;23.28;43.37;47.396385;8.519332;448.70;9290500.00000;4.64;4.91;4.91;4.91
2295;23.23;44.27;47.396278;8.519922;452.00;9291000.00000;4.83;5.11;5.11;5.11
2300;23.52;44.72;47.396355;8.520360;454.60;9291500.00000;4.88;5.16;5.16;5.16
2305;23.66;44.92;47.396400;8.520750;458.70;9292000.00000;4.74;5.01;5.01;5.01
2310;23.88;43.80;47.396435;8.521104;463.40;9292500.00000;4.51;4.76;4.76;4.76
2315;24.04;43.01;47.396465;8.521464;468.60;9293000.00000;4.28;4.53;4.53;4.53
2320;24.01;42.29;47.396484;8.521792;468.20;9293500.00000;4.18;4.43;4.43;4.43
2325;24.19;41.89;47.396500;8.522112;467.60;9294000.00000;4.32;4.57;4.57;4.57
2330;24.21;41.79;47.396519;8.522420;467.90;9294500.00000;4.61;4.87;4.87;4.87
2335;24.21;41.87;47.396530;8.522743;468.80;9295000.00000;5.01;5.29;5.29;5.29
2340;24.36;41.67;47.396568;8.523066;469.90;9295500.00000;4.97;5.26;5.26;5.26
2345;24.22;41.58;47.396606;8.523400;471.00;9300000.00000;4.68;4.94;4.94;4.94
2350;24.44;41.77;47.396664;8.523718;471.40;9300500.00000;4.27;4.51;4.51;4.51
2355;24.66;41.75;47.396770;8.523715;470.50;9301000.00000;4.32;4.57;4.57;4.57
2360;25.08;41.61;47.396637;8.523789;470.00;9301500.00000;4.40;4.66;4.66;4.66
2365;25.04;40.92;47.396584;8.524066;467.40;9302000.00000;4.23;4.47;4.47;4.47
2370;25.21;40.12;47.396534;8.524351;464.40;9302500.00000;4.00;4.23;4.23;4.23
2375;25.01;39.73;47.396473;8.524764;462.50;9303000.00000;3.77;3.99;3.99;3.99
2380;24.99;39.53;47.396397;8.525202;459.20;9303500.00000;3.51;3.72;3.72;3.72
2385;24.91;39.43;47.396301;8.525685;457.10;9304000.00000;3.29;3.48;3.48;3.48
2390;24.96;39.45;47.396194;8.526250;454.80;9304500.00000;3.73;3.95;3.95;3.95
2395;25.11;39.43;47.396099;8.526596;452.50;9305000.00000;3.83;4.05;4.05;4.05
2400;25.18;39.71;47.395924;8.526551;449.60;9305500.00000;3.89;4.12;4.12;4.12
2405;25.64;39.59;47.395588;8.526181;447.60;9310000.00000;4.38;4.63;4.63;4.63
2410;25.77;39.17;47.395176;8.525802;444.80;9310500.00000;4.88;5.16;5.16;5.16
2415;25.95;38.56;47.394707;8.525504;441.70;9311000.00000;5.05;5.34;5.34;5.34
2420;26.07;38.36;47.394245;8.525142;437.60;9311500.00000;5.21;5.51;5.51;5.51
2425;26.01;38.56;47.393719;8.524803;434.40;9312000.00000;5.36;5.67;5.67;5.67
2430;26.05;38.85;47.393200;8.524564;431.00;9312500.00000;5.60;5.92;5.92;5.92
2435;26.12;38.74;47.392761;8.524351;428.50;9313000.00000;5.59;5.91;5.91;5.91
2440;26.33;38.84;47.392677;8.524138;425.80;9313500.00000;5.50;5.81;5.81;5.81
2445;26.71;38.90;47.392700;8.523980;423.20;9314000.00000;5.33;5.64;5.64;5.64
2450;27.40;39.06;47.392754;8.523712;421.70;9314500.00000;5.12;5.41;5.41;5.41
2455;27.94;38.61;47.392815;8.523433;419.30;9315000.00000;4.96;5.24;5.24;5.24
2460;28.44;37.49;47.392868;8.523012;421.50;9315500.00000;4.69;4.96;4.96;4.96
2465;28.89;36.86;47.392941;8.522505;420.90;9320000.00000;4.51;4.77;4.77;4.77
2470;29.17;35.86;47.393082;8.521923;419.60;9320500.00000;4.33;4.58;4.58;4.58
2475;29.36;35.25;47.393234;8.521395;418.30;9321000.00000;4.47;4.72;4.72;4.72
2480;29.56;34.84;47.393387;8.520933;416.30;9321500.00000;4.60;4.87;4.87;4.87
2485;29.66;34.44;47.393543;8.520474;416.00;9322000.00000;4.90;5.18;5.18;5.18
2490;29.78;34.34;47.393684;8.519988;415.10;9322500.00000;5.34;5.65;5.65;5.65
2495;29.84;34.53;47.393814;8.519541;413.30;9323000.00000;5.46;5.78;5.78;5.78
2500;30.03;34.03;47.393982;8.519058;413.40;9323500.00000;5.38;5.69;5.69;5.69
2505;30.11;33.82;47.394146;8.518577;414.90;9324000.00000;5.11;5.40;5.40;5.40
2510;30.13;33.62;47.394287;8.518097;414.80;9324500.00000;4.88;5.16;5.16;5.16
2515;30.28;33.72;47.394341;8.517561;413.50;9325000.00000;4.70;4.97;4.97;4.97
2520;30.26;33.82;47.394375;8.516969;412.00;9325500.00000;4.81;5.09;5.09;5.09
2525;30.37;34.20;47.394428;8.516395;411.50;9330000.00000;4.93;5.21;5.21;5.21
2530;30.24;34.41;47.394497;8.515823;410.00;9330500.00000;5.01;5.30;5.30;5.30
2535;30.07;34.43;47.394562;8.515293;408.20;9331000.00000;4.91;5.19;5.19;5.19
2540;29.99;33.84;47.394623;8.514803;406.70;9331500.00000;4.94;5.23;5.23;5.23
2545;29.89;33.15;47.394722;8.514336;405.50;9332000.00000;5.05;5.34;5.34;5.34
2550;29.87;32.65;47.394802;8.513842;403.60;9332500.00000;4.92;5.20;5.20;5.20
2555;29.96;32.56;47.394878;8.513375;403.20;9333000.00000;4.93;5.21;5.21;5.21
2560;29.95;32.86;47.394917;8.512981;403.50;9333500.00000;5.00;5.29;5.29;5.29
2565;30.00;34.03;47.394981;8.512625;402.50;9334000.00000;4.78;5.05;5.05;5.05
2570;30.14;34.90;47.395031;8.512274;406.20;9334500.00000;4.57;4.83;4.83;4.83
2575;30.40;34.69;47.395096;8.512007;404.00;9335000.00000;4.63;4.89;4.89;4.89
2580;30.51;34.10;47.395153;8.511685;405.60;9335500.00000;4.62;4.89;4.89;4.89
2585;30.35;33.80;47.395199;8.511219;401.80;9340000.00000;4.76;5.03;5.03;5.03
2590;30.35;33.92;47.395252;8.510735;397.80;9340500.00000;4.70;4.97;4.97;4.97
2595;30.28;33.61;47.395294;8.510188;397.60;9341000.00000;4.64;4.91;4.91;4.91
2600;30.43;32.53;47.395317;8.509616;397.70;9341500.00000;4.46;4.72;4.72;4.72
2605;30.21;32.93;47.395329;8.509023;401.00;9342000.00000;4.45;4.71;4.71;4.71
2610;30.03;32.17;47.395382;8.508526;403.40;9342500.00000;4.31;4.56;4.56;4.56
2615;30.02;32.56;47.395546;8.508424;402.90;9343000.00000;4.10;4.34;4.34;4.34
2620;30.13;32.84;47.395672;8.508330;403.00;9343500.00000;3.88;4.10;4.10;4.10
2625;30.40;32.23;47.395748;8.508229;401.40;9344000.00000;3.70;3.91;3.91;3.91
2630;30.71;31.82;47.395809;8.508081;401.90;9344500.00000;3.67;3.88;3.88;3.88
2635;31.05;31.89;47.395874;8.507935;403.00;9345000.00000;3.77;3.99;3.99;3.99
2640;31.41;31.68;47.395947;8.507784;403.10;9345500.00000;4.16;4.39;4.39;4.39
2645;31.74;31.65;47.396008;8.507587;405.00;9350000.00000;4.51;4.77;4.77;4.77
2650;32.04;31.14;47.396049;8.507431;409.00;9350400.00000;4.71;4.98;4.98;4.98
2655;32.20;30.44;47.396133;8.507257;408.50;9350900.00000;4.80;5.08;5.08;5.08
2660;32.45;30.15;47.396221;8.507106;407.90;9351400.00000;4.66;4.93;4.93;4.93
2665;32.70;30.23;47.396278;8.507007;407.80;9351900.00000;4.48;4.74;4.74;4.74
2670;32.91;30.02;47.396351;8.506853;407.60;9352400.00000;4.47;4.73;4.73;4.73
2675;33.20;29.42;47.396431;8.506662;408.10;9352900.00000;4.43;4.69;4.69;4.69
2680;33.42;29.21;47.396519;8.506476;408.80;9353400.00000;4.27;4.52;4.52;4.52
2685;33.55;28.42;47.396626;8.506322;410.10;9353900.00000;4.18;4.42;4.42;4.42
2690;33.55;28.22;47.396725;8.506139;411.10;9354400.00000;4.20;4.44;4.44;4.44
2695;33.62;28.12;47.396835;8.505968;411.20;9354900.00000;4.25;4.49;4.49;4.49
2700;33.70;27.93;47.396927;8.505780;412.20;9355400.00000;4.17;4.41;4.41;4.41
2705;34.04;27.90;47.397011;8.505613;411.90;9355900.00000;4.00;4.23;4.23;4.23
2710;34.35;27.59;47.397099;8.505446;413.60;9360400.00000;3.88;4.10;4.10;4.10
2715;34.47;27.11;47.397144;8.505330;416.10;9360900.00000;3.91;4.14;4.14;4.14
2720;34.29;26.91;47.397133;8.505306;419.30;9361400.00000;3.79;4.01;4.01;4.01
2725;34.03;26.73;47.397125;8.505278;421.60;9361900.00000;3.65;3.86;3.86;3.86
2730;33.74;27.15;47.397118;8.505248;424.00;9362400.00000;3.55;3.75;3.75;3.75
2735;33.52;28.22;47.397110;8.505224;426.50;9362900.00000;3.38;3.58;3.58;3.58
2740;33.26;27.06;47.397106;8.505230;430.50;9363400.00000;3.42;3.62;3.62;3.62
2745;33.35;27.55;47.397141;8.505181;433.30;9363900.00000;3.58;3.78;3.78;3.78
2750;33.57;28.61;47.397209;8.504995;433.70;9364400.00000;3.63;3.84;3.84;3.84
2755;33.62;29.10;47.397324;8.504754;435.10;9364900.00000;3.54;3.74;3.74;3.74
2760;33.54;29.88;47.397457;8.504493;436.90;9365400.00000;3.19;3.37;3.37;3.37
2765;33.44;30.09;47.397572;8.504235;438.90;9365900.00000;2.92;3.09;3.09;3.09
2770;33.20;29.61;47.397705;8.504019;436.70;9370400.00000;2.78;2.94;2.94;2.94
2775;33.01;29.32;47.397850;8.503719;434.70;9370900.00000;2.80;2.96;2.96;2.96
2780;32.75;28.75;47.398010;8.503427;433.00;9371400.00000;2.97;3.14;3.14;3.14
2785;32.60;28.96;47.398106;8.503209;431.40;9371900.00000;3.14;3.32;3.32;3.32
2790;32.69;29.74;47.398212;8.503109;434.00;9372400.00000;3.25;3.44;3.44;3.44
2795;32.54;30.13;47.398354;8.503001;430.20;9372900.00000;3.59;3.80;3.80;3.80
2800;32.48;31.32;47.398453;8.502860;430.10;9373400.00000;3.72;3.94;3.94;3.94
2805;32.55;31.70;47.398502;8.502666;432.20;9373900.00000;4.01;4.24;4.24;4.24
2810;32.64;31.31;47.398560;8.502478;432.80;9374400.00000;4.52;4.78;4.78;4.78
2815;32.94;31.20;47.398643;8.502295;433.50;9374900.00000;4.44;4.69;4.69;4.69
2820;33.16;31.18;47.398762;8.502149;432.80;9375400.00000;4.44;4.69;4.69;4.69
2825;33.39;30.77;47.398880;8.502044;434.10;9375900.00000;4.61;4.88;4.88;4.88
2830;33.55;30.66;47.398964;8.501886;432.70;9380400.00000;4.78;5.06;5.06;5.06
2835;33.55;30.57;47.399059;8.501760;432.50;9380900.00000;4.72;4.99;4.99;4.99
2840;33.63;29.98;47.399166;8.501668;430.80;9381400.00000;4.41;4.66;4.66;4.66
2845;33.78;29.77;47.399258;8.501691;435.30;9381900.00000;4.15;4.38;4.38;4.38
2850;33.89;29.47;47.399189;8.501850;441.40;9382400.00000;4.01;4.24;4.24;4.24
2855;34.13;29.46;47.399204;8.502017;444.20;9382900.00000;3.81;4.03;4.03;4.03
2860;34.23;29.36;47.399197;8.502220;444.90;9383400.00000;3.47;3.67;3.67;3.67
2865;33.79;28.89;47.399227;8.502446;447.60;9383900.00000;3.48;3.68;3.68;3.68
2870;33.45;29.59;47.399296;8.502679;443.30;9384400.00000;3.51;3.71;3.71;3.71
2875;32.85;30.22;47.399391;8.502871;440.70;9384900.00000;3.27;3.46;3.46;3.46
2880;32.61;30.23;47.399460;8.503050;439.90;9385400.00000;3.22;3.41;3.41;3.41
2885;32.09;29.87;47.399384;8.503232;443.90;9385900.00000;3.26;3.44;3.44;3.44
2890;31.49;30.70;47.399193;8.503589;446.10;9390400.00000;3.22;3.40;3.40;3.40
2895;30.75;31.02;47.398899;8.503984;444.00;9390900.00000;3.37;3.56;3.56;3.56
2900;30.07;31.36;47.398575;8.504321;442.30;9391400.00000;3.65;3.86;3.86;3.86
2905;29.55;31.60;47.398270;8.504626;441.70;9391900.00000;4.23;4.47;4.47;4.47
2910;29.10;32.42;47.397999;8.504947;441.50;9392400.00000;4.45;4.71;4.71;4.71
2915;28.79;32.54;47.397766;8.505326;440.80;9392900.00000;4.57;4.83;4.83;4.83
2920;28.59;33.15;47.397629;8.505666;442.20;9393400.00000;4.64;4.91;4.91;4.91
2925;28.27;33.54;47.397499;8.506036;447.20;9393900.00000;4.53;4.80;4.80;4.80
2930;28.15;34.46;47.397324;8.506415;453.90;9394400.00000;4.52;4.78;4.78;4.78
2935;27.85;35.35;47.397148;8.506842;457.20;9394900.00000;4.39;4.64;4.64;4.64
2940;27.79;35.25;47.396980;8.507262;459.00;9395400.00000;4.37;4.62;4.62;4.62
2945;27.78;34.78;47.396767;8.507708;462.40;9395900.00000;4.30;4.54;4.54;4.54
2950;27.78;34.58;47.396641;8.508153;465.20;9400400.00000;4.07;4.30;4.30;4.30
2955;27.49;34.58;47.396507;8.508597;468.30;9400900.00000;3.99;4.22;4.22;4.22
2960;27.50;34.39;47.396336;8.509061;465.40;9401400.00000;3.94;4.17;4.17;4.17
2965;27.54;34.50;47.396156;8.509538;466.40;9401900.00000;4.04;4.27;4.27;4.27
2970;27.61;34.89;47.396000;8.510010;466.50;9402400.00000;4.01;4.24;4.24;4.24
2975;27.47;34.99;47.395866;8.510515;472.70;9402900.00000;4.08;4.32;4.32;4.32
2980;27.60;35.68;47.395874;8.510997;468.20;9403400.00000;4.16;4.40;4.40;4.40
2985;27.53;35.78;47.395855;8.511509;463.40;9403900.00000;4.24;4.48;4.48;4.48
2990;27.57;35.98;47.395767;8.512020;470.70;9404400.00000;4.19;4.43;4.43;4.43
2995;27.35;36.97;47.395638;8.512467;482.60;9404900.00000;4.19;4.43;4.43;4.43
3000;27.35;36.49;47.395603;8.512872;492.10;9405400.00000;4.61;4.87;4.87;4.87
3005;27.22;36.19;47.395443;8.513361;488.10;9405900.00000;4.87;5.15;5.15;5.15
3010;27.19;36.19;47.395279;8.513889;484.90;9410400.00000;4.70;4.97;4.97;4.97
3015;27.07;36.71;47.395134;8.514466;481.30;9410900.00000;4.55;4.81;4.81;4.81
3020;27.05;37.38;47.395004;8.515091;479.30;9411400.00000;4.62;4.88;4.88;4.88
3025;27.15;37.58;47.394955;8.515708;481.10;9411900.00000;4.89;5.17;5.17;5.17
3030;27.27;38.17;47.394955;8.516256;477.70;9412400.00000;4.99;5.28;5.28;5.28
3035;27.41;37.98;47.395000;8.516719;478.40;9412900.00000;4.99;5.28;5.28;5.28
3040;27.54;38.06;47.394962;8.517213;476.80;9413400.00000;5.02;5.31;5.31;5.31
3045;27.54;38.45;47.394855;8.517536;478.90;9413900.00000;4.78;5.06;5.06;5.06
3050;27.49;38.75;47.394810;8.517751;484.80;9414400.00000;4.44;4.70;4.70;4.70
3055;27.61;39.14;47.394684;8.518028;496.30;9414900.00000;4.50;4.76;4.76;4.76
3060;27.85;39.22;47.394627;8.518304;507.40;9415400.00000;4.79;5.07;5.07;5.07
3065;28.05;37.92;47.394550;8.518582;509.70;9415900.00000;5.05;5.34;5.34;5.34
3070;28.05;37.62;47.394505;8.518779;503.20;9420400.00000;4.96;5.25;5.25;5.25
3075;27.98;37.62;47.394470;8.518836;502.60;9420800.00000;4.82;5.10;5.10;5.10
3080;28.22;37.60;47.394440;8.519003;496.90;9421300.00000;4.80;5.08;5.08;5.08
3085;28.27;37.41;47.394417;8.519274;489.10;9421800.00000;4.93;5.22;5.22;5.22
3090;28.30;36.71;47.394249;8.519608;480.50;9422300.00000;5.00;5.28;5.28;5.28
3095;28.19;37.23;47.394157;8.519908;477.70;9422800.00000;4.87;5.15;5.15;5.15
3100;28.16;36.91;47.394028;8.520204;477.30;9423300.00000;4.62;4.88;4.88;4.88
3105;28.19;36.54;47.393932;8.520560;476.50;9423800.00000;4.44;4.70;4.70;4.70
3110;28.20;36.04;47.393829;8.520920;473.80;9424300.00000;4.65;4.92;4.92;4.92
3115;28.13;35.83;47.393772;8.521257;472.80;9424800.00000;4.76;5.03;5.03;5.03
3120;28.05;35.94;47.393818;8.521404;472.00;9425300.00000;4.79;5.07;5.07;5.07
3125;27.91;36.24;47.393906;8.521502;469.50;9425800.00000;4.50;4.76;4.76;4.76
3130;27.70;36.24;47.393993;8.521542;472.50;9430300.00000;4.37;4.63;4.63;4.63
3135;27.49;36.57;47.394180;8.521684;470.40;9430800.00000;4.54;4.80;4.80;4.80
3140;27.45;36.47;47.394264;8.521819;468.60;9431300.00000;4.76;5.04;5.04;5.04
3145;27.58;36.65;47.394272;8.521987;465.90;9431800.00000;5.07;5.37;5.37;5.37
3150;27.82;36.75;47.394279;8.522160;463.80;9432300.00000;5.19;5.49;5.49;5.49
3155;27.82;36.63;47.394279;8.522368;463.90;9432800.00000;5.17;5.47;5.47;5.47
3160;28.24;36.34;47.394249;8.522641;466.30;9433300.00000;5.32;5.62;5.62;5.62
3165;28.00;36.44;47.394192;8.522918;464.30;9433800.00000;5.21;5.51;5.51;5.51
3170;27.98;36.52;47.394249;8.523039;460.60;9434300.00000;5.00;5.29;5.29;5.29
3175;28.00;36.54;47.394363;8.523164;458.00;9434800.00000;4.73;5.00;5.00;5.00
3180;27.83;36.65;47.394516;8.523285;456.70;9435300.00000;4.53;4.80;4.80;4.80
3185;27.47;37.56;47.394642;8.523382;455.80;9435800.00000;4.62;4.88;4.88;4.88
3190;27.45;38.55;47.394672;8.523596;454.40;9440300.00000;4.79;5.07;5.07;5.07
3195;27.22;38.47;47.394718;8.523897;453.20;9440800.00000;4.76;5.03;5.03;5.03
3200;27.08;37.79;47.394821;8.524195;450.70;9441300.00000;4.82;5.10;5.10;5.10
3205;27.17;37.49;47.394726;8.524390;451.20;9441800.00000;4.77;5.04;5.04;5.04
3210;27.12;37.30;47.394554;8.524579;454.60;9442300.00000;4.80;5.07;5.07;5.07
3215;27.17;37.30;47.394348;8.524830;452.50;9442800.00000;4.84;5.11;5.11;5.11
3220;27.25;37.18;47.394165;8.525184;450.90;9443300.00000;5.02;5.31;5.31;5.31
3225;27.44;36.67;47.394062;8.525598;450.10;9443800.00000;5.11;5.41;5.41;5.41
3230;27.44;36.37;47.394020;8.526056;452.40;9444300.00000;5.16;5.46;5.46;5.46
3235;27.32;36.98;47.394138;8.526497;452.60;9444800.00000;5.25;5.56;5.56;5.56
3240;27.04;36.49;47.394234;8.526827;456.10;9445300.00000;5.25;5.55;5.55;5.55
3245;27.13;36.29;47.394157;8.527219;465.30;9445800.00000;5.13;5.43;5.43;5.43
3250;26.85;36.21;47.394054;8.527525;473.00;9450300.00000;4.89;5.17;5.17;5.17
3255;26.56;36.54;47.393940;8.527910;477.20;9450800.00000;5.02;5.31;5.31;5.31
3260;26.30;37.05;47.393803;8.528274;482.70;9451300.00000;5.07;5.36;5.36;5.36
3265;26.12;37.57;47.393719;8.528666;486.10;9451800.00000;5.13;5.42;5.42;5.42
3270;26.07;37.96;47.393642;8.528982;489.80;9452300.00000;5.39;5.70;5.70;5.70
3275;26.46;38.15;47.393524;8.529209;487.40;9452800.00000;5.37;5.68;5.68;5.68
3280;26.80;38.31;47.393444;8.529408;488.20;9453300.00000;5.18;5.47;5.47;5.47
3285;27.03;37.77;47.393414;8.529654;481.30;9453800.00000;4.94;5.22;5.22;5.22
3290;27.34;37.28;47.393276;8.529898;477.50;9454300.00000;4.68;4.95;4.95;4.95
3295;27.41;37.08;47.393181;8.530265;478.20;9454800.00000;4.48;4.73;4.73;4.73
3300;27.53;36.77;47.393124;8.530667;481.00;9455300.00000;4.52;4.78;4.78;4.78
3305;27.61;36.46;47.393047;8.531050;485.40;9455800.00000;4.66;4.93;4.93;4.93
3310;27.75;36.46;47.392975;8.531430;491.80;9460300.00000;4.67;4.94;4.94;4.94
3315;27.94;36.55;47.392910;8.531787;499.80;9460800.00000;4.67;4.93;4.93;4.93
3320;27.95;36.34;47.392773;8.532126;505.00;9461300.00000;4.77;5.04;5.04;5.04
3325;28.05;36.02;47.392620;8.532419;507.30;9461800.00000;5.07;5.36;5.36;5.36
3330;27.73;36.25;47.392487;8.532482;505.00;9462300.00000;5.16;5.46;5.46;5.46
3335;27.58;36.57;47.392338;8.532219;500.60;9462800.00000;4.98;5.27;5.27;5.27
3340;27.27;36.98;47.392246;8.532039;493.50;9463300.00000;5.01;5.30;5.30;5.30
3345;27.60;38.04;47.392223;8.532044;489.80;9463800.00000;4.78;5.06;5.06;5.06
3350;27.83;38.31;47.392200;8.532047;488.30;9464300.00000;4.47;4.72;4.72;4.72
3355;28.09;38.02;47.392159;8.532056;487.00;9464800.00000;4.18;4.42;4.42;4.42
3360;28.24;38.49;47.392117;8.532088;486.20;9465300.00000;4.12;4.36;4.36;4.36
3365;28.47;39.26;47.392059;8.532191;485.20;9465800.00000;4.10;4.34;4.34;4.34
3370;28.66;39.36;47.392014;8.532284;485.70;9470300.00000;4.32;4.57;4.57;4.57
3375;28.53;39.06;47.392010;8.532361;488.20;9470800.00000;4.45;4.71;4.71;4.71
3380;28.37;38.57;47.392021;8.532413;488.80;9471300.00000;4.65;4.92;4.92;4.92
3385;28.22;38.00;47.391937;8.532433;489.90;9471800.00000;4.91;5.19;5.19;5.19
3390;27.94;38.41;47.391983;8.532394;490.30;9472300.00000;4.93;5.22;5.22;5.22
3395;27.87;39.00;47.392014;8.532418;491.40;9472800.00000;4.74;5.01;5.01;5.01
3400;27.61;39.12;47.391983;8.532542;491.90;9473300.00000;4.82;5.09;5.09;5.09
3405;27.57;39.64;47.391930;8.532586;491.20;9473800.00000;4.71;4.98;4.98;4.98
3410;27.44;39.46;47.391926;8.532611;492.00;9474300.00000;4.60;4.86;4.86;4.86
3415;27.26;39.36;47.391926;8.532611;492.00;9474800.00000;4.91;5.19;5.19;5.19
3420;27.03;39.77;47.391926;8.532611;492.00;9475300.00000;4.95;5.24;5.24;5.24
3425;26.82;39.50;47.391926;8.532611;492.00;9475800.00000;4.94;5.23;5.23;5.23
3430;26.85;40.09;47.391819;8.532411;473.60;9480300.00000;4.99;5.28;5.28;5.28
3435;26.53;39.59;47.391922;8.532421;469.30;9480800.00000;5.03;5.32;5.32;5.32
3440;26.57;40.20;47.392006;8.532365;468.10;9481300.00000;5.04;5.32;5.32;5.32
3445;26.46;40.31;47.392105;8.532332;466.80;9481800.00000;4.91;5.19;5.19;5.19
3450;26.28;41.71;47.392075;8.532355;464.90;9482300.00000;4.98;5.27;5.27;5.27
3455;26.10;41.71;47.392235;8.532313;470.40;9482800.00000;4.97;5.25;5.25;5.25
3460;26.27;42.50;47.392200;8.532265;457.20;9483300.00000;5.03;5.31;5.31;5.31
3465;26.03;42.23;47.392166;8.532229;446.40;9483800.00000;5.16;5.46;5.46;5.46
3470;26.00;43.62;47.392139;8.532176;442.50;9484300.00000;5.21;5.51;5.51;5.51
